733.943665,36753562912709360626
1038.450684,87920237592289736129
997.746460,19478450361063206155
1010.985901,76569374525474430786
1051.690186,84314920689266495048
812.816895,17272261061594909177
1164.788696,15977673656394812939
211.267609,88509638561159848103
1247.605591,44447631759621785741
678.591553,59753883189643338604
1080.140869,88977643030925405946
253.661972,22477548128936802105
486.197174,10850646258628472406
1361.690186,99081311034039196933
233.661972,05664004626756987282
877.183105,96027613215991491075
935.211243,70480429610422205529
1021.830994,28380409196254499360
400.281677,02943517431469422641
1342.112671,88928886838333804768
565.633789,06879033373265265879
95.915489,04104870862479392830
737.746460,78915492574994593570
1284.084473,19978253490201962120
718.309875,31190567740647485826
1176.760620,66462896070101377264
85.352112,20290994510378860467
806.901428,09759785338379378741
446.901398,09885843713809799324
567.605652,71220217517417111704
216.338028,85166219648081022975
1399.154907,46379749170608539415
76.478874,15549838522270346363
891.267578,44397258902476571333
1380.985962,51087635080411359341
495.492950,08356599076376150650
80.704224,12269104274032803700
1387.042236,49274252443860892231
947.605652,34224517571698133379
920.985901,67048481685219960649
928.169006,08931489677371221509
77.605637,40137411303217565422
707.183105,72416578592736479722
1054.929565,63021565003466025895
1219.295776,60837821058550738230
857.323914,77691190898803706921
1025.070435,79762715884565684883
416.478882,75245057327213494195
350.845062,41221620229743561403
579.154907,27798107601025197131
936.478882,06874924459128960640
604.929565,45466399521309913458
388.873230,73389553860336187051
893.380310,03004542499949816393
772.816895,46156172292812478637
1346.338013,23725376813640358509
100.000000,80249012006390838731
1159.436646,05031801791035948469
26.197184,90303379499194206595
742.112671,11437273392444993832
944.225342,54394955739072729050
781.830994,17936212539188705279
413.098602,96368466727410064437
925.492981,47217956895521599162
720.422546,05321976820643369048
1061.971802,12973809231874163855
1292.112671,12648562526913315269
386.056335,46074379002269035587
317.042267,70604130296093543643
1186.901367,91094562591774119138
661.267578,49313879388400868238
267.605621,05926852836787266297
16.197184,37235178941643548733
933.239441,01457078993946455560
718.309875,26992965538673602693
541.126770,87652400685494683236
84.788734,24704965464251613771
913.661987,10890134858220636105
677.605652,42003390433424538113
1103.661987,58133975449672101377
1050.281738,39104118643477074530
1163.380249,29930279952083596563
1298.732422,20747301675788907803
306.056335,03673221533828580869
180.422531,37437139642029574649
1400.281738,23181389245100133000
932.394348,22479854786006437581
1.408451,93026438670819816485
80.140846,15970628950272817797
723.943665,88980520243730015800
1029.295776,47531420130048220245
993.098572,40842542757522866009
73.661972,26948282786770945422
1066.056396,96574394406022843111
1206.478882,00025769198765114857
981.126770,69143676976090766877
73.943665,65376972640754012801
1183.239380,20716495351100708164
877.323914,49862252327390150697
380.281677,28998936360449664198
982.676086,49055016028849834491
293.239441,57624255052977681203
970.704224,87463804979751378095
1106.197144,13273323861609191509
88.169014,96824653474714048334
745.070435,15546696756430025385
787.042236,56673408081535114011
948.309875,57851609124901443251
573.380310,26069680867544605539
1099.295776,50496743096604582868
325.070435,34017780897839725024
719.436646,06265663417130829010
1027.323975,16788213893541227791
1214.507080,04787680861452593884
991.830994,50593462532000980967
183.802811,14484984419680936389
637.183105,01719826759399797350
266.760559,19414364227618511306
425.774658,47538273537480016458
22.676056,12295546312065194468
506.760559,08129886820249815646
780.140869,63574240272016194996
381.549286,42023689286735359597
108.732391,90521020636948408448
1265.915527,42779939840805909182
167.042252,76848983707196301486
1309.014038,66178296594378288760
1402.535156,91222460239868697268
652.816895,98816804844296455470
899.577454,76435373283086697193
1111.690186,12357026073718476896
634.647888,96975605276632436043
881.126770,37494293824543224741
515.633789,16870496951602222736
186.478867,00723107480187347134
1309.859131,24649842572744056004
448.309845,32086992354810724992
1315.352173,66774696099517308543
1357.464844,46238627076743124755
632.676086,07737793207820714611
713.521118,88710107907693364984
1343.943604,99780143594385528318
1295.211304,70526117886774900271
68.732391,20482233272454168048
148.591553,35247475657697032380
1083.098633,25151158933678625100
303.098602,82887015080715133948
1129.436646,36090702000408119939
664.507019,12647932875604696896
995.633789,59870785878052857257
275.492950,17396998773652840649
937.464783,65962887570229138137
1193.380249,14920186342059449199
368.591553,41257260141535773320
735.633789,47681893727064702916
1313.380249,82859203477165546810
678.028198,18918109739126266505
226.056335,31987768732543575659
597.183105,83319961714025801697
763.521118,51329996064305414585
122.816902,99679059766818929546
1192.394409,76717186807866961859
890.563354,61755630259823861661
986.478882,40968264230507280235
323.661957,30718874221217263608
621.830994,70899842687859836471
1148.028198,94420000817199093473
1020.985901,78253121292646969940
575.633789,51072332871619121460
1037.605591,36522439646746299678
328.732391,52674711806660905870
792.957764,66006265241420103404
757.746460,62272751900620249995
1178.873291,37049489008225621813
1295.070435,77214113638663523726
616.197205,68022324823857288773
1049.859131,39081655221256588993
975.915466,70110187530661828543
1279.295776,68518529076007327071
1143.098633,37639695981753807734
450.985901,55589396641507668168
208.028168,53735518176824773337
467.746490,89646454209775446565
632.535217,49527170061025863203
779.295776,92667413149111021257
498.169006,50158671902398031577
920.704224,09803148905130199200
220.704224,39764933803715122132
651.408447,45964904179055661041
1356.760620,24357562757453863471
995.774658,98174298552207156321
902.676086,88564923272282621608
464.929565,28855489897645357695
540.845093,15590662776751329200
82.676056,87514504037787743130
936.197205,17861083002965437050
1280.000000,28425738911997096628
260.704224,16579374557491994905
1225.915527,17828680584151109566
706.056335,25516009730624502752
602.676086,90700678440191814917
973.802795,71442849398360540484
1125.211304,03807498387544938887
1011.690125,16980929399979630668
96.478874,35720738721339532483
1286.056396,92675631795289282054
453.380280,00253623975142828299
594.788757,19857354984932494893
1262.816895,29732553647642370070
603.098572,63813414868751938394
256.338043,59418417794087540928
297.042267,03116266683754617389
1236.619751,99863886688211838608
149.718307,73655693504493771569
1362.816895,80786558357913474944
985.492981,85985231191369134981
1051.690186,93032659237847363692
25.633802,20845355425940405350
1079.718262,34062321714990645110
898.732422,26769414567165419700
215.915497,11376187371940801477
715.352112,95858728969118947874
740.845093,90990348279066850976
1215.070435,80994872481480636654
929.014099,72569676474463962301
1178.169067,61854511119367244191
341.971832,50166597673968532765
943.802795,13538969224251922610
1078.873291,08263659330685692516
910.845093,43155336549385860795
394.225342,63324785309634189044
782.957764,94481650158601071703
639.014099,86514510900560645772
833.380310,32859131429091742755
759.718323,13778565741246181525
419.295776,55729295796085054650
814.929565,74502957422196117806
1312.253540,37132719706267674316
1255.915527,58381164927652154024
708.591553,42639063968796804208
672.253540,85490023699172091587
983.661987,58161503321983905266
90.704224,73604953810728889133
962.957764,41943489229719226517
1085.352173,02682515070176636569
1367.464844,52774647327707950758
1056.056396,87542110206675150894
1218.873291,84581678668534767897
38.309860,77182193772342401487
635.211243,32618419177087328895
1280.985962,52494563488651712841
666.338013,50502383118370936274
686.760559,61434739816066216849
211.830978,97692411947292786887
876.619690,95236031000989133449
